00418467 13 20 19 20 19 18 19 20 20 11 19  47  82 35
98955447 11 15 20 19 16  7  4 19 20 18 18  34  86 48
00372859 19 16  4 20 19  2  6 17 19 12 17  50  39 38
40849954  8 19  2 20 16 19 18 20 20 19 15  42   0 39
90726270  7 15 19 20 15  5 19 19 20  9 19  44  82 34
49458909  2 20 12 19 17  1 14 19 20 14 19  50  43 39
02910836 19 15  0 20 19 17  4 16 19 20 16  34  95 38
12345678 20 18 20 16 20 20 20 16 20 19 20  48  95 49
28139514  5 19  3 20 17 19  0 20 20 19 16  40  32 41
66180580 16 20 19 20 16  4 19 19 20 13 19  47  91 33
42720055  3 20 10 19 15  6  2 19 20 10 20  47  55 36
97895255 19 16 16 20 19 15  4 20 19  3 20  31  10 34
61392423  3 19 17 20 16 19 18 19 20 19 19  42   7 48
43551185 15 17 19 20 15  8 19 17 20 11 19  38  93 29
61549510 15 19 14 19 17  0 15 19 20 11 20  45  18 41
74878297 19 16 20 20 19 10  6 20 19 14 18  49  36 32
75932725  2 19 13 20 17 19  9 18 20 19 16  44  28 43
26951624 18 19 19 20 17 18 19 19 20  6 19  31  83 33
02272043 11 18 13 19 16  2 10 19 20  0 16  34  86 45
49240188 19 16  0 20 19  0  7 18 19  0 16  30  94 25
28352356  9 19  2 20 18 19 11 16 20 19 16  36  69 40
65598932 13 15 19 20 19  0 19 20 20  8 19  43   2 42
01751459  6 19  5 19 17  3  3 19 20 13 15  40  23 39
26781752 19 16 15 20 19  8 11 20 19  9 19  39  16 34
67402044 12 19 12 20 18 19  9 20 20 19 20  43  60 50
82133992 11 18 19 20 19 13 19 19 20 10 19  45  31 47
55427619 15 17 19 19 18  2 17 19 20  2 17  46  90 29
78709601 19 19 19 20 19  7 16 20 19  8 18  30  91 30
46811588  6 19  2 20 19 19 17 15 20 19 20  39  43 47
27265411 16 16 19 20 15 17 19 19 20  5 19  43  83 46
08145994  0 17  7 19 18 13  5 19 20 15 15  45  45 28
54546303 19 15 19 20 19 19  3 15 19 13 20  31  19 39
12823653 15 19  0 20 17 19  2 16 20 19 17  38  53 39
14616234  3 18 19 20 19  4 19 15 20  5 19  34  16 40
81151679 12 17  8 19 20  9  3 19 20 10 16  30  77 50
96765629 19 18  6 20 19 11  7 18 19  9 15  36   6 43
60211662 15 19 14 20 16 19  0 15 20 19 20  34   6 25
22901293 18 17 19 20 15 13 19 19 20 20 19  35  70 31
74626633  8 18  3 19 15  9  9 19 20 17 18  32  75 28
69250658 19 17 19 20 19 18  1 15 19  4 18  43  44 49
41610524 11 19 17 20 20 19  0 16 20 19 15  50  53 48
86649970 17 17 19 20 15  4 19 18 20 20 19  39  30 43
14501615 13 18  7 19 18  3 10 19 20  1 15  41  11 39
04746972 19 20 20 20 19  3 19 15 19  1 15  33  38 47
59456806 15 19 14 20 16 19  5 20 20 19 19  40  56 37
96775969  9 15 19 20 16 15 19 16 20 19 19  33  34 49
58690681 14 20 15 19 15  4 19 19 20 13 15  33  76 38
20421310 19 15 20 20 19 13  1 15 19 20 16  47  25 36
27560807 10 19  1 20 15 19 18 17 20 19 17  37  78 31
66089252 17 17 19 20 16  9 19 15 20 20 19  38  27 47