Student   -----   Assignment Grades  -----  Ass  Mid  Fin LEx Total  Pct Gr
--------  -- -- -- -- -- -- -- -- -- -- --  ---  ---  --- --- -----  --- --
40680213   8 19 19 20 18 19 19 19 20  3 19  180   40   48  32   300   75 C 
70750273   4 18  7 19 18  9 18 19 20  6 20  154   41    7  47   249   62 D 
36331632  19 20 11 20 19 17  6 18 19 12 20  175   34   62  48   319   80 B-
70671155   8 19  7 20 18 19 20 20 20 19 20  183   40   86  29   338   85 B 
69730920  15 19 19 20 17 12 19 19 20  4 19  179   38   11  47   275   69 D+
15535274   5 17  4 19 20 10  9 19 20 16 18  153   50   81  40   324   81 B-
76397884  19 20 19 20 19  5 19 19 19  8 20  182   44   60  40   326   82 B 
90034920   4 19 14 20 19 19 11 17 20 19 17  175   33    8  44   260   65 D 
07065286   7 20 19 20 17  7 19 17 20 19 19  177   38   14  42   271   68 D+
21869937  12 20  9 19 17  1  7 19 20 15 17  155   35   69  48   307   77 C 
14733180  19 19  2 20 19 17 13 20 19 11 20  177   48   22  29   276   69 D+
01638880   1 19  8 20 18 19  5 20 20 19 17  165   33   42  37   277   69 D+
14372628   0 19 19 20 17 11 19 19 20 13 19  176   34    9  43   262   66 D 
14878107   2 18  5 19 17  3 19 19 20  9 18  147   32   73  47   299   75 C 
11022515  19 20  6 20 19  0  7 20 19 11 18  159   45   97  34   335   84 B 
29019786   3 19  3 20 19 19 13 17 20 19 20  169   43   33  44   289   72 C 
74407148  11 19 19 20 18 12 19 17 20 16 19  179   34   33  36   282   71 C-
48872687  13 18  0 19 19 12 18 19 20 19 19  176   34   22  34   266   67 D 
57208033  19 17 11 20 19 20 17 19 19  2 17  178   32   74  47   331   83 B 
11032833  13 19 15 20 17 19 11 19 20 19 20  181   43   82  50   356   89 B+
55935571   1 17 19 20 20  7 19 19 20 19 19  179   36   88  34   337   84 B 
31698790  15 18 18 19 19 20  8 19 20 10 20  178   46   86  48   358   90 A-
64548442  19 18 12 20 19 12 13 17 19 14 17  168   37   42  47   294   74 C 
08576603  12 19 12 20 18 19  2 19 20 19 17  175   43    8  44   270   68 D+
12905331  12 20 19 20 20  2 19 20 20  1 19  171   44   34  48   297   74 C 
70882809  11 20  6 19 18  3 16 19 20 19 17  165   33   59  44   301   75 C 
35818774  19 20  0 20 19 13 19 19 19 20 17  185   32   57  46   320   80 B-
87247928   4 19 16 20 18 19  5 17 20 19 19  172   43   75  42   332   83 B 
94074007   9 18 19 20 20 12 19 20 20 17 19  184   47   37  35   303   76 C 
89101884   2 17  2 19 17 20  4 19 20 14 18  150   49   15  37   251   63 D 
09053828  19 19  3 20 19  9 13 20 19  6 19  163   43   76  46   328   82 B 
01604937   0 19 19 20 19 19 12 19 20 19 18  184   32   68  40   324   81 B-
93911240   7 19 19 20 17  2 19 17 20 11 19  168   47   53  48   316   79 C+
42378406  16 20  1 19 17  1  5 19 20 10 18  145   46    2  37   230   58 F 
28281506  19 18 15 20 19 16  5 19 19 10 18  173   49    8  38   268   67 D 
50278847   1 19 12 20 18 19  4 20 20 19 19  170   50    6  49   275   69 D+
27029673   4 20 19 20 17 19 19 19 20  4 19  176   43   93  48   360   90 A-
56575602   4 17  8 19 17  3  2 19 20 13 20  140   32   93  28   293   73 C 
55956011  19 17  6 20 19 12  9 18 19  9 18  160   38   71  48   317   79 C+
60215398  18 19 14 20 18 19 17 18 20 19 18  186   33    8  45   272   68 D+
03227280  17 18 19 20 19 19 19 18 20 17 19  188   35   43  30   296   74 C 
02399215  19 18  4 19 17  2  9 19 20 16 17  158   44   87  34   323   81 B-
87286381  19 19 13 20 19  5 13 19 19  2 20  166   50   88  49   353   88 B+
84352761  20 19  6 20 20 19  4 18 20 19 20  181   41   26  44   292   73 C 
96359519   0 20 19 20 20 19 19 18 20 12 19  186   46   13  44   289   72 C 
30079480   0 19  2 19 20 13 11 19 20 11 18  152   40   31  46   269   67 D 
39739596  19 20  5 20 19  9 16 20 19 15 18  175   48   83  37   343   86 B 
73951439   0 19  3 20 18 19 20 19 20 19 18  175   36   11  31   253   63 D 
04608858  14 17 19 20 19 18 19 17 20  9 19  182   33   29  33   277   69 D+
66939681  15 18 12 19 18 19  6 19 20  4 17  163   33   32  34   262   66 D 
50011098  19 19 17 20 19  5  0 19 19 16 17  170   35   62  28   295   74 C 
77012294   8 19 14 20 17 19  3 18 20 19 19  173   41   34  32   280   70 C-
63302659  13 18 19 20 20  8 19 20 20  4 19  176   42   70  43   331   83 B 


Number of students = 53
The average total points = 299.1
The average percent total = 74.9%
Highest Grade:  Id=27029673  Points=360  Percent=90.0%
Lowest Grade:  Id=42378406  Points=230  Percent=57.5%
