Student   -----   Assignment Grades  -----  Ass  Mid  Fin LEx Total  Pct Gr
--------  -- -- -- -- -- -- -- -- -- -- --  ---  ---  --- --- -----  --- ß--
40680213  8 19 19 20 18 19 19 19 20  3 19  40  48 32   295 73.75 C
70750273  4 18  7 19 18  9 18 19 20  6 20  41   7 47   249 62.25 D
36331632 19 20 11 20 19 17  6 18 19 12 20  34  62 48   306 76.5 C
70671155  8 19  7 20 18 19 20 20 20 19 20  40  86 29   337 84.25 B
69730920 15 19 19 20 17 12 19 19 20  4 19  38  11 47   264 66 D
15535274  5 17  4 19 20 10  9 19 20 16 18  50  81 40   323 80.75 B-
76397884 19 20 19 20 19  5 19 19 19  8 20  44  60 40   312 78 C+
90034920  4 19 14 20 19 19 11 17 20 19 17  33   8 44   260 65 D
07065286  7 20 19 20 17  7 19 17 20 19 19  38  14 42   271 67.75 D
21869937 12 20  9 19 17  1  7 19 20 15 17  35  69 48   296 74 C
14733180 19 19  2 20 19 17 13 20 19 11 20  48  22 29   259 64.75 D
01638880  1 19  8 20 18 19  5 20 20 19 17  33  42 37   277 69.25 
14372628  0 19 19 20 17 11 19 19 20 13 19  34   9 43   262 65.5 D
14878107  2 18  5 19 17  3 19 19 20  9 18  32  73 47   299 74.75 C
11022515 19 20  6 20 19  0  7 20 19 11 18  45  97 34   316 79 C+
29019786  3 19  3 20 19 19 13 17 20 19 20  43  33 44   289 72.25 C
74407148 11 19 19 20 18 12 19 17 20 16 19  34  33 36   282 70.5 C-
48872687 13 18  0 19 19 12 18 19 20 19 19  34  22 34   253 63.25 D
57208033 19 17 11 20 19 20 17 19 19  2 17  32  74 47   314 78.5 C+
11032833 13 19 15 20 17 19 11 19 20 19 20  43  82 50   354 88.5 B+
55935571  1 17 19 20 20  7 19 19 20 19 19  36  88 34   337 84.25 B
31698790 15 18 18 19 19 20  8 19 20 10 20  46  86 48   351 87.75 B
64548442 19 18 12 20 19 12 13 17 19 14 17  37  42 47   287 71.75 C
08576603 12 19 12 20 18 19  2 19 20 19 17  43   8 44   260 65 D
12905331 12 20 19 20 20  2 19 20 20  1 19  44  34 48   286 71.5 C
70882809 11 20  6 19 18  3 16 19 20 19 17  33  59 44   293 73.25 C
35818774 19 20  0 20 19 13 19 19 19 20 17  32  57 46   301 75.25 C
87247928  4 19 16 20 18 19  5 17 20 19 19  43  75 42   332 83 B
94074007  9 18 19 20 20 12 19 20 20 17 19  47  37 35   303 75.75 C
89101884  2 17  2 19 17 20  4 19 20 14 18  49  15 37   251 62.75 D
09053828 19 19  3 20 19  9 13 20 19  6 19  43  76 46   312 78 C+
01604937  0 19 19 20 19 19 12 19 20 19 18  32  68 40   324 81 B-
93911240  7 19 19 20 17  2 19 17 20 11 19  47  53 48   311 77.75 C
42378406 16 20  1 19 17  1  5 19 20 10 18  46   2 37   215 53.75 F
28281506 19 18 15 20 19 16  5 19 19 10 18  49   8 38   254 63.5 D
50278847  1 19 12 20 18 19  4 20 20 19 19  50   6 49   275 68.75 D+
27029673  4 20 19 20 17 19 19 19 20  4 19  43  93 48   360 90 A-
56575602  4 17  8 19 17  3  2 19 20 13 20  32  93 28   291 72.75 C
55956011 19 17  6 20 19 12  9 18 19  9 18  38  71 48   304 76 C
60215398 18 19 14 20 18 19 17 18 20 19 18  33   8 45   268 67 D
03227280 17 18 19 20 19 19 19 18 20 17 19  35  43 30   296 74 C
02399215 19 18  4 19 17  2  9 19 20 16 17  44  87 34   306 76.5 C
87286381 19 19 13 20 19  5 13 19 19  2 20  50  88 49   336 84 B
84352761 20 19  6 20 20 19  4 18 20 19 20  41  26 44   276 69 D+
96359519  0 20 19 20 20 19 19 18 20 12 19  46  13 44   289 72.25 C
30079480  0 19  2 19 20 13 11 19 20 11 18  40  31 46   269 67.25 D
39739596 19 20  5 20 19  9 16 20 19 15 18  48  83 37   329 82.25 B
73951439  0 19  3 20 18 19 20 19 20 19 18  36  11 31   253 63.25 D
04608858 14 17 19 20 19 18 19 17 20  9 19  33  29 33   272 68 D+
66939681 15 18 12 19 18 19  6 19 20  4 17  33  32 34   251 62.75 D
50011098 19 19 17 20 19  5  0 19 19 16 17  35  62 28   276 69 D+
77012294  8 19 14 20 17 19  3 18 20 19 19  41  34 32   275 68.75 D+
63302659 13 18 19 20 20  8 19 20 20  4 19  42  70 43   322 80.5 B-
