40680213  8 19 19 20 18 19 19 19 20  3 19  40  48 32
70750273  4 18  7 19 18  9 18 19 20  6 20  41   7 47
36331632 19 20 11 20 19 17  6 18 19 12 20  34  62 48
70671155  8 19  7 20 18 19 20 20 20 19 20  40  86 29
69730920 15 19 19 20 17 12 19 19 20  4 19  38  11 47
15535274  5 17  4 19 20 10  9 19 20 16 18  50  81 40
76397884 19 20 19 20 19  5 19 19 19  8 20  44  60 40
90034920  4 19 14 20 19 19 11 17 20 19 17  33   8 44
07065286  7 20 19 20 17  7 19 17 20 19 19  38  14 42
21869937 12 20  9 19 17  1  7 19 20 15 17  35  69 48
14733180 19 19  2 20 19 17 13 20 19 11 20  48  22 29
01638880  1 19  8 20 18 19  5 20 20 19 17  33  42 37
14372628  0 19 19 20 17 11 19 19 20 13 19  34   9 43
14878107  2 18  5 19 17  3 19 19 20  9 18  32  73 47
11022515 19 20  6 20 19  0  7 20 19 11 18  45  97 34
29019786  3 19  3 20 19 19 13 17 20 19 20  43  33 44
74407148 11 19 19 20 18 12 19 17 20 16 19  34  33 36
48872687 13 18  0 19 19 12 18 19 20 19 19  34  22 34
57208033 19 17 11 20 19 20 17 19 19  2 17  32  74 47
11032833 13 19 15 20 17 19 11 19 20 19 20  43  82 50
55935571  1 17 19 20 20  7 19 19 20 19 19  36  88 34
31698790 15 18 18 19 19 20  8 19 20 10 20  46  86 48
64548442 19 18 12 20 19 12 13 17 19 14 17  37  42 47
08576603 12 19 12 20 18 19  2 19 20 19 17  43   8 44
12905331 12 20 19 20 20  2 19 20 20  1 19  44  34 48
70882809 11 20  6 19 18  3 16 19 20 19 17  33  59 44
35818774 19 20  0 20 19 13 19 19 19 20 17  32  57 46
87247928  4 19 16 20 18 19  5 17 20 19 19  43  75 42
94074007  9 18 19 20 20 12 19 20 20 17 19  47  37 35
89101884  2 17  2 19 17 20  4 19 20 14 18  49  15 37
09053828 19 19  3 20 19  9 13 20 19  6 19  43  76 46
01604937  0 19 19 20 19 19 12 19 20 19 18  32  68 40
93911240  7 19 19 20 17  2 19 17 20 11 19  47  53 48
42378406 16 20  1 19 17  1  5 19 20 10 18  46   2 37
28281506 19 18 15 20 19 16  5 19 19 10 18  49   8 38
50278847  1 19 12 20 18 19  4 20 20 19 19  50   6 49
27029673  4 20 19 20 17 19 19 19 20  4 19  43  93 48
56575602  4 17  8 19 17  3  2 19 20 13 20  32  93 28
55956011 19 17  6 20 19 12  9 18 19  9 18  38  71 48
60215398 18 19 14 20 18 19 17 18 20 19 18  33   8 45
03227280 17 18 19 20 19 19 19 18 20 17 19  35  43 30
02399215 19 18  4 19 17  2  9 19 20 16 17  44  87 34
87286381 19 19 13 20 19  5 13 19 19  2 20  50  88 49
84352761 20 19  6 20 20 19  4 18 20 19 20  41  26 44
96359519  0 20 19 20 20 19 19 18 20 12 19  46  13 44
30079480  0 19  2 19 20 13 11 19 20 11 18  40  31 46
39739596 19 20  5 20 19  9 16 20 19 15 18  48  83 37
73951439  0 19  3 20 18 19 20 19 20 19 18  36  11 31
04608858 14 17 19 20 19 18 19 17 20  9 19  33  29 33
66939681 15 18 12 19 18 19  6 19 20  4 17  33  32 34
50011098 19 19 17 20 19  5  0 19 19 16 17  35  62 28
77012294  8 19 14 20 17 19  3 18 20 19 19  41  34 32
63302659 13 18 19 20 20  8 19 20 20  4 19  42  70 43


